iguana
f8s2ovmk00m0m3ber8vvnadd34
1:(0, 0)
2:(2, 0)
3:(5, 0), (0.2, 3)
4:(1, -1)
5:(5, 2), (4, 1), (2.5, 1), (1, 1)
6:(-7, 0), (-4, -1), (-3, 2), (-1, 2), (0, 0), (-1, -2), (-3, -4), (-2, -5), (-10, -8), (-9, -9), (-13, -12), (-11, -15), (-9, -14), (-8, -8), (-7, -19), (-6, -13), (-5, -21), (-4, -20), (-4, -18), (-4, -15), (-6, -13), (-8, -8), (-6, -11), (-2, -7), (-3, -10), (-2, -9), (-1, -8), (0, -14), (1, -13), (2, -17), (3, -16), (4, -20), (5, -19), (5, -16), (6, -13), (3, -13), (3, -10), (1, -8), (-1, -4), (2, -6), (5, -5), (4, -4), (2, -4), (3, 0), (2, 1), (8, 2), (7, 3), (9, 4), (7, 5), (4, 5), (2, 3), (1, 5), (0, 10), (-1, 9), (-1, 7), (-1, 5), (-3, 4), (-6, 3), (-5, 1)
7:(8, 7), (6, 7), (5, 3), (4, 5), (3, 3), (2, 7), (1, 6), (0, 10), (-1, 9), (-1, 6), (-7, 3), (-6, 2), (-9, -1), (-7, -1), (-6, -2), (-5, 3), (-2, 0), (0, 3), (1, 1), (1, -1), (-3, -4), (0, -5), (1, -3), (4, -4), (5, -1), (3, 1), (7, 3), (10, 4)
8:(23, 4), (22, 5), (27, 6), (26, 7), (24, 7), (21, 13), (19, 13), (17, 10), (18, 8), (19, 10), (22, 7), (20, 5), (17, 5), (14, 8), (13, 7), (10, 13), (9, 12), (6, 17), (4, 20), (3, 19), (0, 22), (-1, 19), (4, 18), (2, 14), (5, 12), (10, 11), (6, 9), (7, 6), (8, 9), (9, 7), (14, 6), (13, 4), (12, 3), (9, 3), (6, 3), (5, -1), (2, -1), (3, 0), (2, 1), (-1, 8), (-3, 9), (-4, 8), (-7, 12), (-10, 10), (-9, 8), (-8, 7), (-11, 6), (-10, 5), (-15, 4), (-14, 3), (-17, 2), (-16, 1), (-20, 0), (-16, -1), (-14, 1), (-10, 3), (-8, 5), (-3, 7), (-5, 5), (-4, 3), (0, 0), (-3, -1), (-2, -2), (1, -2), (3, -2), (6, -11), (7, -10), (9, -10), (11, -10), (6, -9), (12, -8), (6, -7), (10, -4), (8, -2), (7, 0), (12, 1), (17, 3)
9:(21, 27), (21, 31), (6, 50), (4, 4), (1, 7), (0, 6), (-5, 12), (-7, 11), (-7, 6), (-10, 1), (0, 0), (0, -4), (6, -6), (8, 3), (9, 3), (10, 19), (10, 22), (14, 30), (10, 26), (10, 29), (10, 31), (20, 25)
10:(-3, 129), (-4, 82), (-7, 95), (-14, 99), (-7, 100), (-13, 97), (-5, 100), (-4, 112), (-7, 119), (-9, 103), (-15, 96), (-16, 102), (-17, 96), (-20, 102), (-60, 101), (-79, 64), (-85, 56), (-79, 55), (-49, 52), (-36, 46), (-82, 18), (-96, 20), (-97, 16), (-85, 8), (-87, 15), (-85, 7), (-90, 15), (-92, 11), (-100, 23), (-90, 10), (-105, 4), (-41, 1), (-39, -47), (-33, 1), (-30, 1), (-27, -29), (-27, -35), (-31, -42), (-25, -44), (0, 1), (2, -20), (1, -5), (0, -25), (-7, -31), (4, -32), (5, -26), (6, -12), (7, -24), (8, 0), (14, 3), (15, 4), (19, 2), (19, 0), (20, -18), (18, -6), (17, -12), (16, -1), (15, -12), (14, -2), (13, -17), (16, -17), (17, -18), (11, -10), (12, -5), (9, -4), (6, -34), (8, -36), (9, -34), (11, -36), (19, -47), (20, -24), (26, 0), (27, -23), (29, -6), (30, 0), (31, 7), (8, 3), (2, 3), (8, 9), (2, 10), (4, 14), (7, 20), (12, 20), (28, 23), (0, 26), (-1, 22), (-6, 22), (0, 20), (-7, 18), (49, 32), (89, 32), (92, 24), (93, 34), (89, 41), (143, 100), (128, 52), (89, 52), (-7, 64), (15, 65), (17, 71), (21, 71), (15, 72), (19, 74), (17, 80), (14, 74), (13, 82), (7, 85), (6, 82), (8, 99), (9, 106), (66, 126)
11:(2, -6), (4, -4), (4, -3), (5, 0), (8, 1), (3, 2), (9, 8), (4, 10), (4, 12), (11, 7), (12, 12), (13, 7), (14, 10), (14, 12), (4, 15), (11, 15), (12, 18), (14, 15), (23, 16), (24, 22), (7, 28), (-1, 21), (7, 19), (4, 18), (-4, 15), (-13, 9), (-4, 6), (0, 0), (-1, -3), (-4, -3), (-5, -6), (-5, -8), (1, -10)
12:(33, 25), (-5, 26), (-8, 21), (8, 36), (20, 31), (32, 38), (-12, 39), (6, 44), (-13, 23), (-13, 21), (-17, 3), (-21, 3), (-19, 11), (-17, 12), (-19, 13), (-24, 17), (-23, 1), (-22, 0), (-19, -2), (-20, -9), (-19, -10), (-18, 0), (-16, -27), (-53, -28), (-39, -16), (-67, -28), (-70, -30), (-55, -32), (-68, -34), (-51, -38), (-50, -41), (-57, -46), (-57, -73), (-38, -74), (-49, -78), (-38, -79), (-29, -50), (-32, -51), (-23, -68), (-18, -57), (-17, -53), (-14, -57), (-2, -15), (-2, -30), (3, 2), (7, -2), (11, -8), (12, -4), (17, -42), (33, -4), (45, -3), (9, 5), (9, 11), (7, 18), (0, 2), (-6, 4), (-6, 8), (3, 7), (4, 7), (5, 5), (6, 20), (4, 8), (7, 19), (14, 7), (11, 8), (16, 9), (18, 14), (33, 9), (46, -3), (47, 8), (49, 3), (46, 9), (34, 11), (16, 15), (19, 18), (16, 19), (18, 22), (1, 23), (-4, 18), (-9, 16), (-6, 12), (-5, 19), (-10, 3), (0, 21), (-1, 23), (20, 24), (23, 13), (24, 23), (25, 24), (27, 24), (30, 21), (46, 23)
13:(-15, 3), (-13, 5), (-11, -1), (-10, 3), (-6, 10), (-10, 5), (-13, 7), (-7, 10), (-1, 12), (-12, 14), (-13, 9), (-14, 12), (-17, 9), (-21, 9), (-24, 13), (-23, 15), (-21, 14), (-19, 17), (-17, 16), (-14, 14), (-15, 16), (-16, 14), (-13, 15), (-13, 17), (1, 13), (2, 15), (2, 19), (4, 17), (5, 18), (5, 19), (-26, 20), (-27, 15), (-29, 9), (-46, 9), (-28, -10), (-21, -14), (29, -16), (25, -21), (25, -31), (27, -43), (29, -31), (33, -33), (35, -24), (38, -4), (36, -3), (42, -2), (36, -1), (41, 0), (19, 1), (16, 1), (18, 6), (21, 3), (24, 2), (30, 3), (24, 4), (30, 8), (16, 8), (15, 13), (12, 11), (11, 8), (0, 9), (-1, 1), (2, 11), (-9, 1), (-2, 0), (-6, -2), (-3, -4), (-2, -4), (0, 0), (4, -6), (7, -7), (10, -3), (3, 1), (4, -1), (5, 1), (3, 3), (3, 5), (7, 6), (4, 4), (7, 3), (9, 6), (10, 4), (12, 1), (9, 1), (9, -2), (12, -3), (15, -2), (15, -3), (17, -3), (29, -3), (26, -4), (29, -5), (23, -4), (20, -4), (19, -7), (29, -8), (-13, -9), (-14, -8), (-12, -6), (-14, 1), (-10, -7), (-7, -5), (-10, -4), (-9, -2), (-18, 2), (-20, -5), (-21, 7), (-19, 6)
14:(151, 20), (280, 21), (316, 135), (386, 128), (412, 125), (559, 60), (691, 114), (500, 264), (408, 208), (256, 281), (59, 289), (140, 219), (237, 179), (140, 105), (250, 96), (59, 29)
15:(3.2888543819998315, -1.3944271909999166), (4.32842712474619, -1.9142135623730963), (2.5, 0.5), (4.494427190999915, 0.2472135954999577), (3.552786404500042, 2.8944271909999157), (5.994427190999916, 1.1291796067500626), (4.894427190999916, 4.683281572999748), (3.1055728090000843, 3.7888543819998315), (-0.12132034355964239, 2.707106781186548), (1.2928932188134523, 1.2928932188134525), (0, -1)
16:(2, 0), (4, 2), (2, 2), (-0.4959611631863794, 2.1873204098133687), (0.5857864376269046, 0.5857864376269051), (-2.4033310217279675, 5.312626469082878), (-4.110960958218892, 2.846049894151542), (-3.4, 1.2), (-2.2, -0.4), (0.3162277660168377, -0.9486832980505139), (-4.14341649025257, -5.543416490252567), (-10.784199576606166, -4.594733192202051), (-5.943416490252571, -8.143416490252566), (-2.943416490252571, -7.143416490252568), (-1.897366596101029, -6.957010852370434), (0.9486832980505118, -9.170605214488301), (3.83079002116969, -7.0221921916437795), (3.2, -9.6), (5.794733192202054, -4.897366596101028), (2, -2)
17:(4.947908983622518, -11.192680524124075), (2.1216617173962233, -11.132341139254594), (-0.17641257269823818, -9.804996532591948), (-1.112412572698236, -10.156996532591947), (-5.332155882426921, -9.716807482296506), (-7.179697780375071, -10.84992509818074), (-10.816064107355894, -8.90651573934766), (-8.30703017252138, -10.567062875633857), (-6.6206301725213805, -11.64226287563386), (-5.625615249290549, -12.529969688782296), (-4.07230446261584, -11.270118268971213), (-3.568412572698237, -12.148996532591946), (-0.40841257269823683, -12.028996532591947), (0.962934807890846, -14.946603460103177), (-0.5903759787838632, -16.206454879914258), (-3.172409798771802, -18.300677750197632), (2.7955902012281983, -17.124677750197637), (2.7388699418414086, -14.278730418275616), (5.703587427301763, -14.644996532591954), (7.623587427301762, -15.204996532591954), (10.907359661284927, -12.21859089470982), (12.045779618945545, -10.574206511422263), (6.743416490252569, 1.5811388300841895), (8, 2), (8.75894663844041, -2.174206511422261), (11.266576574931335, 0.8923700635090746), (12.910960958218894, -0.24604989415154277), (10.150960958218892, -2.5660498941515413), (12.070960958218892, -3.126049894151542), (10.101525987298183, -6.673517665518871), (12.100085468524599, -6.59762300167483), (13.945523213371747, -3.8418364479131877), (16.945523213371743, -7.841836447913189), (17.94480295398495, -7.803889115991169), (20.019257099055405, -9.726553933373546), (17.785523213371746, -4.961836447913189), (14, -1), (10.213594362117865, 4.846049894151543), (9.897366596101026, 5.794733192202056), (6, 2), (5.702633403898972, 8.892099788303081), (8.39184338272928, 5.554291979946859), (10.31184338272928, 4.99429197994686), (11.591123123342488, 5.992239311868881), (13.602297527799736, 4.383627162564486), (16.53029752779974, 2.2796271625644886), (19.973385444191074, 1.2095124023635155), (15.474297527799736, 5.0876271625644875), (13.75184338272928, 6.074291979946861), (10.87184338272928, 6.91429197994686), (8.841053361559588, 9.536484171590638), (9.502633403898972, 10.492099788303081), (6.632455532033675, 9.58946638440411), (3.4701778718652956, 9.58946638440411), (5.051316701949486, 14.332882874656677), (6.086382996324341, 17.48539246173155), (10.943504732703609, 15.933500571813948), (12.833281862420232, 13.603534391801887), (13.87150473270361, 13.829500571813949), (17.754781699390378, 16.979129121341657), (12.815504732703609, 16.63750057181395), (13.872008771925607, 20.577796712650468), (11.1207290313124, 16.675849380728447), (8.247103255711133, 17.567445129809528), (8.527103255711134, 18.52744512980953), (6.607103255711134, 19.08744512980953), (4.2649110640673555, 18.01665510863984), (3.309124510305717, 22.462092853486986), (3.869124510305721, 24.382092853486988), (3.0923700635090876, 25.10708938607894), (3.0513167019494922, 20.33288287465668), (1.4513167019494913, 19.13288287465668), (0.7728112757642724, 17.843843832875574), (-0.8715731075232835, 18.98226379053619), (3.1462347008329425, 25.431473769366498), (0.8262347008329447, 28.1914737693665), (-0.9574520646256137, 29.218833430651436), (0.3933379565440751, 27.83664123900766), (-0.7450820011165425, 26.1922568557201), (-6.227188724235727, 18.84384383287558), (-5.627188724235728, 18.04384383287558), (-4.904028639556964, 15.755075066300465), (-7.784028639556963, 16.59507506630047), (-8.509025172148917, 15.818320619503838), (-6.227188724235733, 13.843843832875582), (-5.427188724235732, 14.443843832875581), (-0.9570108523704326, 16.546477236774546), (0.9403557437305956, 17.17893276880822), (2.205266807797944, 13.384199576606166), (-4, 10), (-8.435516278555651, 6.521494573814784), (-0.8284271247461903, 3.414213562373096), (-1.982747501432697, 1.8126795901866326), (-3.3243882879325737, -0.8706019828131137), (-4.218815478932492, -2.6594563648129443), (-0.12132034355964327, 1.2928932188134525), (0.3162277660168377, -0.9486832980505139), (-5.967544467966325, -3.0973665961010246), (1.2649110640673509, -3.7947331922020555), (-1.517893276880824, -7.462975277997375), (-5.1228898094727775, -7.399729724794005), (-2.6563132345414413, -9.107359661284931), (0, -6.324555320336758), (1.8973665961010264, -5.692099788303083), (3.64604989415154, -2.451316701949486), (6.64604989415154, -1.4513167019494866), (2.1951203494160465, -6.1806347908621895), (0.1482420857953155, -9.260526680779792), (4.6904342774390955, -7.789736659610102), (10.943587427301765, -10.964996532591954), (7.9457482054621416, -11.078838528358014), (5.947188724235725, -11.154733192202055)
18:(-4.4721359549995805, 8.506508083520403), (-6.281152949374529, 9.094293335812875), (-7.399186938124423, 7.555451567225247), (-8.899186938124421, 7.192180303222567), (-7.090169943749471, 9.682078588105345), (-5.9721359549995725, 11.22092035669297), (-7.090169943749466, 12.759762125280599), (-9.208203932499362, 11.220920356692975), (-11.517220926874316, 6.016609798637621), (-7, 0), (-10, -0.7265425280053597), (-12.73606797749979, -0.3632712640026783), (-14.545084971874736, 0.22451398828979507), (-14.545084971874738, -0.9510565162951518), (-14.545084971874738, -2.853169548885459), (-12.73606797749979, -3.4409548011779325), (-11.618033988749897, -5.70633909777092), (-10.80901699437495, -6.294124350063393), (-8, -6.881909602355868), (-5.663118960624632, -4.114496766047311), (2.1631189606246304, -6.6573956140660755), (7, 0), (2.163118960624632, 6.657395614066075), (-5.663118960624631, 4.114496766047313), (-5.281152949374526, 6.016609798637622)
19:(1.1631189606246324, 9.735079151241326), (-0.6458980337503151, 10.3228644035338), (-0.645898033750314, 9.147293898948853), (-0.6458980337503146, 7.245180866358548), (-5.663118960624631, 4.114496766047313), (-6.381966011250105, -1.9021130325903064), (-10.809016994374947, -4.392011317473087), (-9, -6.881909602355867), (-7.881966011250104, -5.343067833768239), (-7.1909830056250525, -4.392011317473085), (-5.663118960624632, -4.114496766047311), (-6.045084971874737, -5.290067270632258), (-8.281152949374528, -8.36775080780751), (-9.781152949374528, -8.731022071810191), (-10.899186938124423, -10.269863840397818), (-9.781152949374528, -11.808705608985445), (-6.045084971874738, -11.445434344982765), (2.1631189606246304, -6.6573956140660755), (2.972135954999577, -11.775949459544524), (8.39918693812442, -13.539305216421944), (11.753288904374104, -8.922779910659067), (8.399186938124423, -4.306254604896186), (5.663118960624631, -4.1144967660473135), (5.663118960624632, 4.114496766047312), (1.9721359549995792, 7.245180866358548)
20:(-8.959955305358271, 8.519097822426845), (-14.755510263092672, 8.519097822426847), (-17.65328774195988, 3.5), (-14.755510263092681, -1.519097822426835), (-18.619213568248963, -5.382801127583113), (-20.033427130622066, -10.660717995112488), (-20.033427130622062, -14.524421300268767), (-16.687361915670827, -16.456272952846902), (-13.341296700719592, -14.524421300268763), (-13.341296700719592, -10.660717995112485), (-11.857732784225478, -2.295554957734399), (3.5, -11.857732784225487), (4.914213562373089, -13.271946346598583), (8.519097822426836, -14.755510263092694), (13.538195644853694, -11.857732784225492), (13.538195644853698, -6.0621778264910775), (8.519097822426847, -3.1644003476238676), (-3.5, 6.062177826491071)
21:(7.3992372110890035, 20.194792168823408), (4.053171996137772, 22.12664382140154), (0.7071067811865459, 20.194792168823405), (0.7071067811865468, 16.331088863667137), (-8.693332436601606, 12.019097822426847), (-6.0621778264910695, 3.5), (-12.019097822426845, 2.8977774788672104), (-19.935973123720906, 5.019097822426853), (-17.038195644853694, 0), (-17.038195644853698, -5.795554957734406), (-12.019097822426861, -8.69333243660161), (-6.223542864692439, -2.897777478867204), (-3.5, -6.0621778264910695), (3.5, -6.062177826491073), (5.6213203435596295, -19.77460808551955), (6.1389584337646665, -21.70645973809769), (8.519097822426824, -24.7937059079464), (14.31465278016124, -24.793705907946414), (16.435973123720895, -16.87683060665236), (11.41687530129405, -13.979053127785145), (15.470047297431837, -6.57981591669612), (17.401898950009983, -7.994029479069213), (19.0749315574856, -8.959955305358276), (20.747964164961214, -7.994029479069205), (20.74796416496121, -6.06217782649107), (18.109005731196525, -5.355071045304528), (19.333750602588115, -2.7161126115398413), (17.401898950009976, 0.6299526034113914), (11.60634399227556, -2.716112611539843), (6.062177826491069, -3.5), (6.062177826491071, 3.5), (3.164400347623865, 8.519097822426847), (3.5, 6.06217782649107), (4.053171996137777, 14.399237211089002)
22:(-56, 26.124355652982125), (-59.5, 39.186533479473184), (-72.56217782649108, 42.686533479473184), (-78.62435565298216, 45.186533479473184), (-62.29422863406001, 70.20319397786862), (-59.794228634060026, 79.5333209967908), (-66.62435565298222, 86.36344801571299), (-85.95448267190436, 52.88268590217981), (-92.82050807568879, 53.3826859021798), (-101.01666049839541, 39.18653347947315), (-92.82050807568876, 30.99038105676653), (-81.62435565298213, 33.99038105676655), (-82.12435565298213, 26.12435565298211), (-72.56217782649107, 16.56217782649106), (-109.80127018922185, 31.06217782649116), (-81.62435565298213, 7.866025403784438), (21, 7), (-38.215390309173486, 24.196152422706646)
23:(33.562177826491066, -5.562177826491061), (34.062177826491066, -7.428203230275498), (35.9282032302755, -7.9282032302755), (37.29422863405994, -6.5621778264910615), (38.16025403784438, -6.062177826491065), (40.02627944162882, -5.562177826491064), (42.392304845413264, -4.196152422706623), (40.52627944162882, -4.696152422706625), (34.92820323027551, -4.196152422706621), (35.92820323027549, 3), (37.29422863405993, 4.6339745962155625), (47.294228634059934, 3.633974596215548), (39.16025403784437, 5.1339745962155625), (39.66025403784437, 7), (38.29422863405993, 8.366025403784437), (36.42820323027549, 7.8660254037844375), (33.92820323027549, 10.46410161513775), (26.46410161513775, 12.464101615137746), (5, 7), (0, 7), (21, 3), (23.866025403784437, -0.9641016151377501), (18.5, -3.3301270189221888), (25.23205080756888, -3.3301270189221897), (24.732050807568875, -1.4641016151377497), (30.464101615137746, -2.4641016151377455), (32.196152422706625, -4.196152422706622)
24:(-15.294228634059955, 7.098076211353328), (-15.294228634059968, 12.562177826491084), (-16.79422863405996, 9.696152422706641), (-22.392304845413282, 11.196152422706637), (-26.490381056766594, 7.098076211353307), (-24.990381056766584, 1.5), (-26.490381056766577, -4.098076211353302), (-30.5884572681199, -8.19615242270661), (-29.088457268119903, -13.794228634059927), (-13.392304845413316, -26.784609690826542), (-19.392304845413275, -11.196152422706625), (-4.0980762113533125, -4.098076211353318), (-1.5, -2.598076211353316), (9, 0), (18.696152422706625, 5.598076211353316), (0, 3), (4.098076211353318, 7.098076211353311), (5.598076211353323, 12.696152422706627), (11.196152422706653, 22.392304845413257), (1.5, 16.794228634059948), (-7.098076211353317, 7.098076211353315), (-11.196152422706632, 3), (-13.794228634059946, 1.5)
25:(4.890738003669028, -1.0395584540887994)
26:(-1.5, 5.598076211353316), (-7.098076211353315, 7.098076211353319), (-11.196152422706632, 0), (-7.098076211353321, -4.098076211353314), (-1.5, -2.5980762113533187), (9, 0)
27:(-4, 2.5), (-4.5, 5.23606797749979), (-5.514257712758348, 5.443620529482883), (-6.468600164637483, 6.8890375919743025), (-7.183281572999747, 4.341640786499874), (-2, 2), (0, 2), (1.3162277660168378, -0.9486832980505139), (0.13604967647799537, -0.5704266896023666), (-1.0131139918451928, -1.866352174885374), (-1.5298221281347038, -1.897366596101027), (-3.2587612492553175, 1.8718404741148442), (-3.526229062117628, -2.01719711785946), (-1.9770357236346618, -2.791793787100943), (-4.375872022286245, -2.8460498941515406), (-3.720942874870643, 0.044947230763848545), (-5.957010852370434, -2.1911207467359413), (-6.457010852370434, -1.1911207467359413), (-5.957010852370434, 0.8088792532640587), (-6.957010852370434, 2.808879253264058), (-7.969472032120245, -1.7439071512359836), (-8.915787361115935, 1.5042676779279902), (-9.74227216835319, 2.7560355731090396), (-11.184782379374887, 4.940816170182308), (-11.166833186943764, 8.971905083427844), (-11.6787638414569, 3.8740695618589336), (-9.758326414120077, -0.8494799602360679), (-6.4042244478703925, -3.085547937735857), (-7.538149682454624, -6.00832755431992), (2, -3), (8, -0.5), (3.5, 3.8660254037844384), (3.5, 5.598076211353316), (2, 4.732050807568878), (0.5, 3.866025403784438), (-1, 2.5), (-2.5, 2.5)
28:(-9.050989871491504, 2.8345119301206996), (-10.496406933982925, 1.8801694782415672), (-11.055423928357873, 0.9119236416897132), (-12.307191823538922, 0.08543883445245726), (-13.558959718719972, -0.7410459727847996), (-13.283464782974221, -1.1583019378451485), (-12.315218946422368, -1.7173189322200964), (-11.488734139185112, -2.9690868274011466), (-10.662249331947855, -4.220854722582196), (-9.694003495396004, -4.779871716957145), (-11.614440922732822, -0.05632219486214063), (-10.095205214689464, -1.4498511193577883), (-9.268720407452207, -2.7016190145388386), (-9.134986501021054, -3.8116258804052903), (-3.8718467802066447, -5.695600476620859), (-7.9029356934521795, -5.67765128418973), (-8.024979635154605, -3.6778919739741376), (-6.579562572663182, -2.7235495220950083), (-6.787115124646272, 0.7343287201462241), (-9.677949249629114, -1.1743561836120364), (-9.94541706249142, 1.0456575481208672), (0, 1), (2.5, -6), (6.464101615137755, 1), (-5, 1.5), (-6.5, 1.5), (-8, 1.5)
29:(1.5, 4.5), (2.2928932188134525, 8.207106781186548), (1.5, 9), (1.5, 13.5), (1.5, 15), (2.5527864045000417, 17.841640786499873), (3, 0), (3, 1), (7, 1.5), (6.678300231908692, -2.9850756816490778), (7.0328276006299415, -4.442577086391999), (7.755012981358416, -5.296068899980195), (4.983191913316928, -8.587084259643799), (-2.794982679735093, -6.465763916084146), (8.477198362086886, -6.149560713568394), (8.886368530030758, -3.087415117593396), (11.448964196874071, -4.647255958280635), (15.905652313123317, -5.018646634634738), (8, 1), (11.010362725265361, 1.7491364395612203), (10.844271765557878, 11.797639501863758), (8.020725450530723, 1.9982728791224393)
30:(2.5, 7), (6.130495168499705, 4.816718427000252), (8.024922359499621, 6.605572809000083), (11.94427190999916, 5.263932022500211), (3.670820393249936, 12.195742752749558), (2.3291796067500625, 12.866563145999494), (0.9875388202501885, 13.537383539249431), (-0.3832815729997484, 14.531810730249347), (-1.2832815729997498, 15.731810730249347), (-2.1832815729997512, 16.931810730249346), (-2.383281572999752, 18.031810730249344), (2, 8), (0.5, 5.5), (-4, 5.5), (-8.5, 5.5), (-11.5, 7), (2, 3), (-3, 0), (3, 4.5), (3, 6)
